30 7.5
31 4
32 4
33 7.5
34 1
35 7.5
36 15
37 7.5
38 7.5
39 4
40 7.5
41 7.5
42 7.5
43 4
44 4
45 4
46 7.5
47 0
48 0
49 0
50 0
52 2
53 2
54 4
55 4
56 7.5
57 4
58 7.5
59 4
60 2
61 7.5
62 7.5
63 4
64 7.5
65 7.5
66 7.5
67 7.5
68 7.5
69 15
70 7.5
71 15
72 7.5
73 1
74 7.5
75 7.5
76 7.5
77 7.5
78 7.5
79 2
80 4
81 4
82 4
83 4
84 4
85 15
86 15
87 15
88 15
89 15
90 15
91 15
92 15
93 15
94 15
95 15
96 15
97 15
98 1
99 1
100 2
101 1
102 1
103 4
104 15
105 15
106 15
107 15
108 15
109 15
110 15
111 15
112 15
113 15
114 15
115 15
116 15
117 15
118 15
119 15
120 15
122 2
1 2
2 2
3 2
4 2
123 15
124 15
121 0
5 -999
6 -999
201 0.4
202 2
203 2
204 1
