7 -10
8 -13
9 -9
10 -8
11 999
12 -16
13 -17
14 -16
15 -16
16 -16
17 -16
18 999
19 -16
20 -18
21 -17
22 -16
23 -15
24 999
25 -14
26 -20
27 999
28 999
29 999
30 -18
31 -18
32 -27
33 -24
34 -22
35 -28
36 -31
37 -23
38 -23
39 -19
40 -19
41 -20
42 -21
43 -24
44 -23
45 -23
46 -23
47 -23
48 -23
49 -22
50 -22
51 -17
52 -18
53 -18
54 -20
55 -18
56 -31
57 -23
58 -21
59 -21
60 -19
61 -21
62 -23
63 -23
64 -31
65 -28
66 -28
67 -19
68 -35
69 -28
70 -27
71 -36
72 -34
73 -34
74 -26
75 -31
76 -28
77 -29
78 -34
79 -30
80 -34
81 -32
82 -31
83 -32
84 -33
85 -33
86 -36
87 -30
88 -38
89 -37
90 -33
91 -32
92 -33
93 -32
94 -31
95 -30
96 -30
97 -31
98 -16
99 -16
100 -20
101 -19
102 -18
103 -21
104 -30
105 -35
106 -36
107 -33
108 -32
109 -34
110 -33
111 -34
112 -32
113 -32
114 -30
115 -26
116 -28
117 -27
118 -31
119 -27
120 -29
2 -12
3 -10
4 -10
1 -999
6 -999
5 -999
201 -35
202 -999
203 -16
204 -16
205 -20
206 -20
207 -21
208 -21
